0 0.3076171875 0.6923828125 0.05078125 0.26171875
0 0.27734375 0.5009765625 0.0166015625 0.1171875
0 0.265625 0.4599609375 0.017578125 0.099609375
0 0.2841796875 0.44921875 0.0126953125 0.0771484375
0 0.373046875 0.5185546875 0.0166015625 0.11328125
0 0.349609375 0.515625 0.01953125 0.125
0 0.447265625 0.5986328125 0.0400390625 0.2294921875
0 0.4833984375 0.6044921875 0.0283203125 0.1962890625
0 0.701171875 0.63671875 0.0263671875 0.19921875
0 0.8427734375 0.58203125 0.0263671875 0.154296875
0 0.275390625 0.412109375 0.009765625 0.04296875
0 0.296875 0.4052734375 0.01171875 0.044921875
0 0.2841796875 0.3935546875 0.0078125 0.04296875
0 0.228515625 0.4208984375 0.009765625 0.07421875
0 0.66015625 0.400390625 0.0068359375 0.033203125