0 0.44921875 0.693359375 0.04296875 0.240234375
0 0.3408203125 0.61328125 0.0302734375 0.173828125
0 0.29296875 0.5927734375 0.021484375 0.169921875
0 0.341796875 0.509765625 0.01953125 0.0771484375
0 0.4150390625 0.537109375 0.0244140625 0.138671875
0 0.431640625 0.5810546875 0.0185546875 0.134765625
0 0.267578125 0.5 0.0146484375 0.09765625
0 0.244140625 0.4375 0.01171875 0.0771484375
0 0.3046875 0.439453125 0.01171875 0.0654296875
0 0.2724609375 0.4326171875 0.0185546875 0.0732421875
0 0.2861328125 0.41015625 0.009765625 0.0537109375
0 0.619140625 0.4091796875 0.009765625 0.0390625
0 0.654296875 0.4052734375 0.0146484375 0.0654296875
0 0.5849609375 0.392578125 0.0126953125 0.0439453125