0 0.275390625 0.6474609375 0.03125 0.2216796875
0 0.4267578125 0.81640625 0.0576171875 0.3388671875
0 0.50390625 0.822265625 0.0625 0.3447265625
0 0.3447265625 0.5185546875 0.0283203125 0.1083984375
0 0.2763671875 0.470703125 0.025390625 0.103515625
0 0.2900390625 0.453125 0.01953125 0.0732421875
0 0.3603515625 0.4765625 0.01953125 0.0888671875
0 0.3310546875 0.4873046875 0.0166015625 0.1044921875
0 0.2177734375 0.462890625 0.017578125 0.0888671875
0 0.59375 0.41015625 0.0146484375 0.03125
0 0.271484375 0.4130859375 0.0078125 0.044921875
0 0.2841796875 0.4072265625 0.0107421875 0.0478515625
0 0.302734375 0.4208984375 0.0107421875 0.060546875