0 0.2275390625 0.69921875 0.0361328125 0.2470703125
0 0.1796875 0.6806640625 0.0380859375 0.2587890625
0 0.2451171875 0.6474609375 0.0361328125 0.185546875
0 0.4931640625 0.6533203125 0.03515625 0.240234375
0 0.53125 0.6201171875 0.03515625 0.2060546875
0 0.5498046875 0.8212890625 0.05078125 0.3564453125
0 0.3046875 0.5009765625 0.0244140625 0.1044921875
0 0.2744140625 0.4697265625 0.0224609375 0.095703125
0 0.263671875 0.431640625 0.0126953125 0.0576171875
0 0.3369140625 0.4775390625 0.0205078125 0.1083984375
0 0.375 0.46484375 0.017578125 0.0927734375
0 0.3916015625 0.474609375 0.01953125 0.095703125
0 0.240234375 0.421875 0.01171875 0.0703125
0 0.2890625 0.4140625 0.009765625 0.0625
0 0.2958984375 0.4150390625 0.009765625 0.0615234375
0 0.27734375 0.39453125 0.0087890625 0.0458984375
0 0.720703125 0.4130859375 0.013671875 0.0458984375
0 0.810546875 0.423828125 0.015625 0.052734375
0 0.7646484375 0.4140625 0.01171875 0.052734375
0 0.8486328125 0.4267578125 0.0087890625 0.046875