0 0.1943359375 0.5859375 0.015625 0.06640625
0 0.2001953125 0.7021484375 0.03125 0.2138671875
0 0.2451171875 0.5927734375 0.02734375 0.169921875
0 0.2353515625 0.4892578125 0.0166015625 0.0986328125
0 0.32421875 0.529296875 0.0234375 0.1201171875
0 0.2822265625 0.46875 0.0166015625 0.08984375
0 0.296875 0.453125 0.0126953125 0.0791015625
0 0.3173828125 0.447265625 0.0126953125 0.0673828125
0 0.3291015625 0.4541015625 0.013671875 0.0791015625
0 0.349609375 0.4560546875 0.0078125 0.078125
0 0.2841796875 0.41015625 0.0107421875 0.0615234375
0 0.267578125 0.4150390625 0.009765625 0.05859375
0 0.2568359375 0.4072265625 0.0078125 0.0537109375
0 0.2353515625 0.4091796875 0.0126953125 0.0546875
0 0.275390625 0.373046875 0.009765625 0.0205078125
0 0.2958984375 0.380859375 0.0087890625 0.04296875
0 0.9150390625 0.544921875 0.021484375 0.1533203125
0 0.755859375 0.5537109375 0.0302734375 0.1396484375
0 0.9404296875 0.537109375 0.0224609375 0.1484375
0 0.9931640625 0.5341796875 0.013671875 0.162109375
0 0.9794921875 0.431640625 0.0126953125 0.0576171875