0 0.384765625 0.798828125 0.083984375 0.4013671875
0 0.4453125 0.841796875 0.0458984375 0.3154296875
0 0.546875 0.82421875 0.0478515625 0.33984375
0 0.318359375 0.595703125 0.02734375 0.1552734375
0 0.2900390625 0.5927734375 0.02734375 0.1552734375
0 0.248046875 0.6142578125 0.03515625 0.15234375
0 0.2255859375 0.46484375 0.0185546875 0.060546875
0 0.232421875 0.5244140625 0.0146484375 0.09375
0 0.275390625 0.4833984375 0.013671875 0.05859375
0 0.263671875 0.48046875 0.0166015625 0.080078125
0 0.287109375 0.45703125 0.009765625 0.046875
0 0.857421875 0.505859375 0.0205078125 0.0732421875
0 0.8173828125 0.484375 0.009765625 0.052734375
0 0.7392578125 0.470703125 0.0146484375 0.037109375