0 0.375 0.5390625 0.0244140625 0.1376953125
0 0.36328125 0.8623046875 0.0927734375 0.2734375
0 0.541015625 0.8466796875 0.080078125 0.291015625
0 0.66015625 0.8388671875 0.0634765625 0.322265625
0 0.28515625 0.4560546875 0.0126953125 0.060546875
0 0.283203125 0.4140625 0.0087890625 0.017578125
0 0.2939453125 0.4248046875 0.0078125 0.033203125
0 0.3056640625 0.421875 0.005859375 0.04296875
0 0.4560546875 0.564453125 0.03125 0.1220703125
0 0.533203125 0.62890625 0.0302734375 0.1923828125
0 0.2412109375 0.447265625 0.009765625 0.068359375
0 0.8701171875 0.455078125 0.0166015625 0.0673828125
0 0.8095703125 0.451171875 0.0068359375 0.060546875
0 0.66796875 0.4296875 0.013671875 0.0419921875
0 0.6123046875 0.42578125 0.009765625 0.0400390625