0 0.1181640625 0.7099609375 0.0556640625 0.255859375
0 0.322265625 0.8076171875 0.05859375 0.3046875
0 0.5087890625 0.9345703125 0.06640625 0.130859375
0 0.283203125 0.6015625 0.02734375 0.14453125
0 0.25 0.5146484375 0.0263671875 0.11328125
0 0.26953125 0.4833984375 0.0166015625 0.078125
0 0.2861328125 0.486328125 0.0126953125 0.1005859375
0 0.2822265625 0.42578125 0.0078125 0.052734375
0 0.2919921875 0.400390625 0.0087890625 0.0283203125
0 0.6083984375 0.4248046875 0.005859375 0.044921875
0 0.5966796875 0.41796875 0.0107421875 0.0341796875
0 0.54296875 0.4052734375 0.009765625 0.0283203125