0 0.2265625 0.560546875 0.0361328125 0.17578125
0 0.2763671875 0.5712890625 0.0341796875 0.1962890625
0 0.32421875 0.5712890625 0.04296875 0.19140625
0 0.34375 0.4951171875 0.0185546875 0.1328125
0 0.2919921875 0.4228515625 0.013671875 0.076171875
0 0.3056640625 0.4287109375 0.009765625 0.0859375
0 0.265625 0.416015625 0.0185546875 0.078125
0 0.2529296875 0.42578125 0.01171875 0.078125
0 0.2412109375 0.42578125 0.0107421875 0.0810546875
0 0.2177734375 0.4033203125 0.0126953125 0.0703125
0 0.267578125 0.3662109375 0.0068359375 0.037109375
0 0.283203125 0.3759765625 0.0078125 0.052734375
0 0.8359375 0.421875 0.0146484375 0.0546875
0 0.904296875 0.427734375 0.0146484375 0.05859375