0 0.2099609375 0.5546875 0.0224609375 0.1552734375
0 0.2763671875 0.5791015625 0.0361328125 0.1708984375
0 0.318359375 0.5810546875 0.0361328125 0.185546875
0 0.4697265625 0.6025390625 0.0400390625 0.1826171875
0 0.6357421875 0.6904296875 0.0390625 0.2333984375
0 0.7041015625 0.7099609375 0.046875 0.294921875
0 0.30078125 0.4423828125 0.0205078125 0.08984375
0 0.26953125 0.427734375 0.0078125 0.0751953125
0 0.2802734375 0.4248046875 0.0087890625 0.078125
0 0.3291015625 0.4326171875 0.0166015625 0.064453125
0 0.2900390625 0.400390625 0.0068359375 0.046875
0 0.236328125 0.423828125 0.01171875 0.0869140625
0 0.767578125 0.423828125 0.01171875 0.0517578125
0 0.6806640625 0.4140625 0.01171875 0.044921875