0 0.7841796875 0.828125 0.0556640625 0.3369140625
0 0.2197265625 0.70703125 0.0361328125 0.2646484375
0 0.2646484375 0.724609375 0.0341796875 0.248046875
0 0.4208984375 0.5283203125 0.01953125 0.1083984375
0 0.43359375 0.5068359375 0.021484375 0.0947265625
0 0.341796875 0.5126953125 0.0224609375 0.095703125
0 0.3798828125 0.4248046875 0.01171875 0.0546875
0 0.33203125 0.44140625 0.009765625 0.0576171875
0 0.3447265625 0.43359375 0.0107421875 0.060546875
0 0.310546875 0.42578125 0.01171875 0.0478515625
0 0.3212890625 0.412109375 0.0087890625 0.0498046875
0 0.31640625 0.4140625 0.0087890625 0.0439453125
0 0.2626953125 0.42578125 0.0107421875 0.07421875
0 0.3017578125 0.4111328125 0.0068359375 0.0380859375
0 0.2919921875 0.416015625 0.0068359375 0.04296875
0 0.7451171875 0.421875 0.0078125 0.0341796875
0 0.732421875 0.4140625 0.009765625 0.03515625
0 0.9814453125 0.451171875 0.0087890625 0.060546875